{ airAbove: 40793.16015625,
  airBelow: 37115.0888671875,
  ground: 6000 }
